bank_id,branch_id,acct_id,state
bank_1,1,0,TN
bank_1,1,1,NC
bank_1,1,2,IL
bank_1,1,3,AK
bank_1,1,4,TN
bank_1,1,5,MA
bank_1,1,6,DC
bank_1,1,7,IL
bank_1,1,8,NV
bank_1,1,9,WI
bank_1,1,10,NJ
bank_1,1,11,NH
bank_1,1,12,NM
bank_1,1,13,GA
bank_1,1,14,MT
bank_1,1,15,IL
bank_1,1,16,MI
bank_1,1,17,CA
bank_1,1,18,IL
bank_1,1,19,MS
bank_1,1,20,CA
bank_1,1,21,ME
bank_1,1,22,MN
bank_1,1,23,TX
bank_1,1,24,VT
bank_1,1,25,MI
bank_1,1,26,MI
bank_1,1,27,MS
bank_1,1,28,MO
bank_1,1,29,KS
bank_1,1,30,WV
bank_1,1,31,OH
bank_1,1,32,SD
bank_1,1,33,AL
bank_1,1,34,WA
bank_1,1,35,MO
bank_1,1,36,CA
bank_1,1,37,AR
bank_1,1,38,NY
bank_1,1,39,ND
bank_1,1,40,WV
bank_1,1,41,CT
bank_1,1,42,WV
bank_1,1,43,CO
bank_1,1,44,PA
bank_1,1,45,OK
bank_1,1,46,KY
bank_1,1,47,PA
bank_1,1,48,NE
bank_1,1,49,UT
bank_1,1,50,ID
bank_1,1,51,NC
bank_1,1,52,OH
bank_1,1,53,WY
bank_1,1,54,WV
bank_1,1,55,NV
bank_1,1,56,AK
bank_1,1,57,OR
bank_1,1,58,IL
bank_1,1,59,IN
bank_1,1,60,LA
bank_1,1,61,ND
bank_1,1,62,NH
bank_1,1,63,NC
bank_1,1,64,NV
bank_1,1,65,SC
bank_1,1,66,MI
bank_1,1,67,VA
bank_1,1,68,WI
bank_1,1,69,NJ
bank_1,1,70,TN
bank_1,1,71,CO
bank_1,1,72,NJ
bank_1,1,73,NM
bank_1,1,74,NY
bank_1,1,75,HI
bank_1,1,76,WV
bank_1,1,77,WA
bank_1,1,78,KY
bank_1,1,79,KS
bank_1,1,80,VA
bank_1,1,81,OR
bank_1,1,82,NM
bank_1,1,83,WV
bank_1,1,84,PA
bank_1,1,85,GA
bank_1,1,86,VA
bank_1,1,87,MI
bank_1,1,88,CA
bank_1,1,89,MO
bank_1,1,90,TN
bank_1,1,91,HI
bank_1,1,92,MS
bank_1,1,93,UT
bank_1,1,94,MA
bank_1,1,95,TX
bank_1,1,96,WV
bank_1,1,97,CA
bank_1,1,98,AR
bank_1,1,99,AK
bank_1,1,100,LA
bank_1,1,101,AZ
bank_1,1,102,KY
bank_1,1,103,NC
bank_1,1,104,WI
bank_1,1,105,GA
bank_1,1,106,NJ
bank_1,1,107,HI
bank_1,1,108,WA
bank_1,1,109,SD
bank_1,1,110,SC
bank_1,1,111,FL
bank_1,1,112,OH
bank_1,1,113,TN
bank_1,1,114,ID
bank_1,1,115,TX
bank_1,1,116,OK
bank_1,1,117,NJ
bank_1,1,118,AK
bank_1,1,119,MS
bank_1,1,120,MO
bank_1,1,121,AL
bank_1,1,122,GA
bank_1,1,123,AK
bank_1,1,124,DE
bank_1,1,125,KY
bank_1,1,126,SD
bank_1,1,127,TN
bank_1,1,128,ME
bank_1,1,129,RI
bank_1,1,130,IA
bank_1,1,131,MT
bank_1,1,132,NM
bank_1,1,133,CA
bank_1,1,134,DC
bank_1,1,135,NJ
bank_1,1,136,RI
bank_1,1,137,MD
bank_1,1,138,MI
bank_1,1,139,GA
bank_1,1,140,FL
bank_1,1,141,NV
bank_1,1,142,SC
bank_1,1,143,TN
bank_1,1,144,MI
bank_1,1,145,VA
bank_1,1,146,CT
bank_1,1,147,NC
bank_1,1,148,IA
bank_1,1,149,MA
bank_1,1,150,CA
bank_1,1,151,AZ
bank_1,1,152,NY
bank_1,1,153,LA
bank_1,1,154,TN
bank_1,1,155,OH
bank_1,1,156,HI
bank_1,1,157,NH
bank_1,1,158,AZ
bank_1,1,159,WV
bank_1,1,160,NV
bank_1,1,161,UT
bank_1,1,162,TN
bank_1,1,163,NH
bank_1,1,164,ID
bank_1,1,165,AL
bank_1,1,166,NC
bank_1,1,167,OR
bank_1,1,168,MS
bank_1,1,169,WI
bank_1,1,170,MD
bank_1,1,171,NE
bank_1,1,172,AZ
bank_1,1,173,TX
bank_1,1,174,RI
bank_1,1,175,IL
bank_1,1,176,AZ
bank_1,1,177,UT
bank_1,1,178,ID
bank_1,1,179,MD
bank_1,1,180,CO
bank_1,1,181,ME
bank_1,1,182,NV
bank_1,1,183,DE
bank_1,1,184,OH
bank_1,1,185,MD
bank_1,1,186,VA
bank_1,1,187,ME
bank_1,1,188,KS
bank_1,1,189,NV
bank_1,1,190,CA
bank_1,1,191,MI
bank_1,1,192,ID
bank_1,1,193,AR
bank_1,1,194,CA
bank_1,1,195,KS
bank_1,1,196,NE
bank_1,1,197,NJ
bank_1,1,198,NC
bank_1,1,199,ME
bank_1,1,200,IN
bank_1,1,201,MT
bank_1,1,202,WV
bank_1,1,203,NY
bank_1,1,204,MT
bank_1,1,205,AZ
bank_1,1,206,ME
bank_1,1,207,WV
bank_1,1,208,DE
bank_1,1,209,WY
bank_1,1,210,TN
bank_1,1,211,ND
bank_1,1,212,DE
bank_1,1,213,IL
bank_1,1,214,CO
bank_1,1,215,KY
bank_1,1,216,KS
bank_1,1,217,LA
bank_1,1,218,CT
bank_1,1,219,WY
bank_1,1,220,AR
bank_1,1,221,NJ
bank_1,1,222,RI
bank_1,1,223,WY
bank_1,1,224,OH
bank_1,1,225,CA
bank_1,1,226,GA
bank_1,1,227,CT
bank_1,1,228,ID
bank_1,1,229,NE
bank_1,1,230,ID
bank_1,1,231,WA
bank_1,1,232,SD
bank_1,1,233,FL
bank_1,1,234,AL
bank_1,1,235,MN
bank_1,1,236,RI
bank_1,1,237,MD
bank_1,1,238,HI
bank_1,1,239,CA
bank_1,1,240,VT
bank_1,1,241,ND
bank_1,1,242,TX
bank_1,1,243,SD
bank_1,1,244,FL
bank_1,1,245,WY
bank_1,1,246,CT
bank_1,1,247,MS
bank_1,1,248,IA
bank_1,1,249,WI
bank_1,1,250,IA
bank_1,1,251,CT
bank_1,1,252,WA
bank_1,1,253,AZ
bank_1,1,254,ME
bank_1,1,255,KS
bank_1,1,256,OK
bank_1,1,257,SD
bank_1,1,258,WV
bank_1,1,259,NJ
bank_1,1,260,KY
bank_1,1,261,MD
bank_1,1,262,OR
bank_1,1,263,KS
bank_1,1,264,IA
bank_1,1,265,VT
bank_1,1,266,IN
bank_1,1,267,DC
bank_1,1,268,WA
bank_1,1,269,AK
bank_1,1,270,PA
bank_1,1,271,AK
bank_1,1,272,KS
bank_1,1,273,MA
bank_1,1,274,DE
bank_1,1,275,ND
bank_1,1,276,UT
bank_1,1,277,CT
bank_1,1,278,WA
bank_1,1,279,VA
bank_1,1,280,CA
bank_1,1,281,UT
bank_1,1,282,MD
bank_1,1,283,CT
bank_1,1,284,MO
bank_1,1,285,UT
bank_1,1,286,TN
bank_1,1,287,LA
bank_1,1,288,ID
bank_1,1,289,SC
bank_1,1,290,NH
bank_1,1,291,HI
bank_1,1,292,WY
bank_1,1,293,VA
bank_1,1,294,NE
bank_1,1,295,PA
bank_1,1,296,MA
bank_1,1,297,AL
bank_1,1,298,WA
bank_1,1,299,WI
bank_1,1,300,PA
bank_1,1,301,SD
bank_1,1,302,OK
bank_1,1,303,IA
bank_1,1,304,GA
bank_1,1,305,MS
bank_1,1,306,AZ
bank_1,1,307,NH
bank_1,1,308,IA
bank_1,1,309,MI
bank_1,1,310,IL
bank_1,1,311,NE
bank_1,1,312,MD
bank_1,1,313,CT
bank_1,1,314,OK
bank_1,1,315,ND
bank_1,1,316,ME
bank_1,1,317,IL
bank_1,1,318,LA
bank_1,1,319,MT
bank_1,1,320,IL
bank_1,1,321,NJ
bank_1,1,322,LA
bank_1,1,323,CA
bank_1,1,324,ID
bank_1,1,325,MO
bank_1,1,326,ID
bank_1,1,327,ID
bank_1,1,328,HI
bank_1,1,329,MD
bank_1,1,330,UT
bank_1,1,331,MN
bank_1,1,332,NC
bank_1,1,333,VA
bank_1,1,334,CA
bank_1,1,335,OK
bank_1,1,336,WV
bank_1,1,337,IL
bank_1,1,338,WV
bank_1,1,339,DE
bank_1,1,340,IL
bank_1,1,341,IA
bank_1,1,342,IN
bank_1,1,343,MA
bank_1,1,344,AK
bank_1,1,345,MO
bank_1,1,346,MA
bank_1,1,347,GA
bank_1,1,348,UT
bank_1,1,349,NE
bank_1,1,350,IA
bank_1,1,351,MD
bank_1,1,352,DC
bank_1,1,353,OK
bank_1,1,354,AL
bank_1,1,355,NC
bank_1,1,356,HI
bank_1,1,357,NJ
bank_1,1,358,ID
bank_1,1,359,TX
bank_1,1,360,MD
bank_1,1,361,MD
bank_1,1,362,OK
bank_1,1,363,LA
bank_1,1,364,ID
bank_1,1,365,MA
bank_1,1,366,NY
bank_1,1,367,FL
bank_1,1,368,WI
bank_1,1,369,DC
bank_1,1,370,VA
bank_1,1,371,WI
bank_1,1,372,NM
bank_1,1,373,ND
bank_1,1,374,NE
bank_1,1,375,IA
bank_1,1,376,WA
bank_1,1,377,IL
bank_1,1,378,HI
bank_1,1,379,VT
bank_1,1,380,NH
bank_1,1,381,PA
bank_1,1,382,RI
bank_1,1,383,HI
bank_1,1,384,IN
bank_1,1,385,NJ
bank_1,1,386,MS
bank_1,1,387,CA
bank_1,1,388,MT
bank_1,1,389,WI
bank_1,1,390,WY
bank_1,1,391,FL
bank_1,1,392,MI
bank_1,1,393,RI
bank_1,1,394,MS
bank_1,1,395,SD
bank_1,1,396,MT
bank_1,1,397,WI
bank_1,1,398,NC
bank_1,1,399,NH
bank_1,1,400,TX
bank_1,1,401,AR
bank_1,1,402,IA
bank_1,1,403,KS
bank_1,1,404,MN
bank_1,1,405,WA
bank_1,1,406,SD
bank_1,1,407,GA
bank_1,1,408,NY
bank_1,1,409,NH
bank_1,1,410,NC
bank_1,1,411,ME
bank_1,1,412,ID
bank_1,1,413,TX
bank_1,1,414,OH
bank_1,1,415,CT
bank_1,1,416,VA
bank_1,1,417,NV
bank_1,1,418,CA
bank_1,1,419,NV
bank_1,1,420,TN
bank_1,1,421,MD
bank_1,1,422,MI
bank_1,1,423,GA
bank_1,1,424,NJ
bank_1,1,425,WV
bank_1,1,426,MA
bank_1,1,427,MT
bank_1,1,428,MN
bank_1,1,429,WA
bank_1,1,430,RI
bank_1,1,431,WA
bank_1,1,432,UT
bank_1,1,433,SD
bank_1,1,434,OR
bank_1,1,435,ND
bank_1,1,436,PA
bank_1,1,437,MT
bank_1,1,438,PA
bank_1,1,439,WY
bank_1,1,440,OK
bank_1,1,441,IL
bank_1,1,442,WY
bank_1,1,443,DC
bank_1,1,444,NC
bank_1,1,445,AR
bank_1,1,446,DC
bank_1,1,447,IL
bank_1,1,448,NV
bank_1,1,449,RI
bank_1,1,450,IL
bank_1,1,451,PA
bank_1,1,452,VT
bank_1,1,453,NC
bank_1,1,454,MT
bank_1,1,455,ID
bank_1,1,456,NM
bank_1,1,457,MS
bank_1,1,458,ND
bank_1,1,459,ID
bank_1,1,460,IA
bank_1,1,461,AR
bank_1,1,462,IL
bank_1,1,463,CO
bank_1,1,464,OK
bank_1,1,465,MA
bank_1,1,466,ID
bank_1,1,467,IA
bank_1,1,468,OR
bank_1,1,469,MA
bank_1,1,470,DC
bank_1,1,471,IN
bank_1,1,472,DE
bank_1,1,473,LA
bank_1,1,474,OH
bank_1,1,475,PA
bank_1,1,476,IA
bank_1,1,477,OR
bank_1,1,478,CT
bank_1,1,479,ID
bank_1,1,480,AR
bank_1,1,481,MD
bank_1,1,482,LA
bank_1,1,483,CA
bank_1,1,484,WV
bank_1,1,485,ID
bank_1,1,486,GA
bank_1,1,487,KS
bank_1,1,488,SC
bank_1,1,489,MD
bank_1,1,490,VT
bank_1,1,491,SC
bank_1,1,492,VT
bank_1,1,493,ME
bank_1,1,494,NM
bank_1,1,495,MO
bank_1,1,496,TX
bank_1,1,497,NM
bank_1,1,498,FL
bank_1,1,499,NC
bank_1,1,500,MT
bank_1,1,501,NV
bank_1,1,502,GA
bank_1,1,503,IL
bank_1,1,504,MA
bank_1,1,505,NJ
bank_1,1,506,MS
bank_1,1,507,ID
bank_1,1,508,AK
bank_1,1,509,NV
bank_1,1,510,IN
bank_1,1,511,IA
bank_1,1,512,MO
bank_1,1,513,WY
bank_1,1,514,WV
bank_1,1,515,ID
bank_1,1,516,WI
bank_1,1,517,PA
bank_1,1,518,MD
bank_1,1,519,IL
bank_1,1,520,OK
bank_1,1,521,MN
bank_1,1,522,NV
bank_1,1,523,MN
bank_1,1,524,IL
bank_1,1,525,NE
bank_1,1,526,NY
bank_1,1,527,KS
bank_1,1,528,HI
bank_1,1,529,NY
bank_1,1,530,NV
bank_1,1,531,GA
bank_1,1,532,PA
bank_1,1,533,OK
bank_1,1,534,IL
bank_1,1,535,AR
bank_1,1,536,CT
bank_1,1,537,AK
bank_1,1,538,IN
bank_1,1,539,MS
bank_1,1,540,NY
bank_1,1,541,ME
bank_1,1,542,CO
bank_1,1,543,NH
bank_1,1,544,NY
bank_1,1,545,AR
bank_1,1,546,MI
bank_1,1,547,NJ
bank_1,1,548,IA
bank_1,1,549,AK
bank_1,1,550,AR
bank_1,1,551,NH
bank_1,1,552,NJ
bank_1,1,553,ND
bank_1,1,554,MN
bank_1,1,555,NV
bank_1,1,556,NY
bank_1,1,557,AZ
bank_1,1,558,NV
bank_1,1,559,TN
bank_1,1,560,RI
bank_1,1,561,ID
bank_1,1,562,OK
bank_1,1,563,AZ
bank_1,1,564,AZ
bank_1,1,565,IA
bank_1,1,566,TN
bank_1,1,567,WV
bank_1,1,568,DC
bank_1,1,569,KY
bank_1,1,570,PA
bank_1,1,571,RI
bank_1,1,572,WI
bank_1,1,573,KY
bank_1,1,574,OK
bank_1,1,575,MD
bank_1,1,576,IN
bank_1,1,577,UT
bank_1,1,578,OR
bank_1,1,579,CT
bank_1,1,580,AK
bank_1,1,581,KS
bank_1,1,582,CO
bank_1,1,583,ID
bank_1,1,584,WY
bank_1,1,585,NV
bank_1,1,586,MT
bank_1,1,587,MO
bank_1,1,588,NM
bank_1,1,589,OK
bank_1,1,590,NE
bank_1,1,591,GA
bank_1,1,592,KY
bank_1,1,593,RI
bank_1,1,594,VT
bank_1,1,595,RI
bank_1,1,596,NM
bank_1,1,597,WI
bank_1,1,598,OH
bank_1,1,599,PA
bank_1,1,600,VT
bank_1,1,601,KS
bank_1,1,602,AL
bank_1,1,603,IN
bank_1,1,604,WY
bank_1,1,605,NH
bank_1,1,606,NC
bank_1,1,607,SC
bank_1,1,608,VT
bank_1,1,609,GA
bank_1,1,610,NE
bank_1,1,611,TX
bank_1,1,612,NC
bank_1,1,613,AR
bank_1,1,614,MA
bank_1,1,615,VA
bank_1,1,616,TN
bank_1,1,617,NJ
bank_1,1,618,ND
bank_1,1,619,LA
bank_1,1,620,CO
bank_1,1,621,OK
bank_1,1,622,IL
bank_1,1,623,FL
bank_1,1,624,NC
bank_1,1,625,HI
bank_1,1,626,AZ
bank_1,1,627,NM
bank_1,1,628,NV
bank_1,1,629,FL
bank_1,1,630,SC
bank_1,1,631,RI
bank_1,1,632,NY
bank_1,1,633,NM
bank_1,1,634,HI
bank_1,1,635,NM
bank_1,1,636,UT
bank_1,1,637,ME
bank_1,1,638,IA
bank_1,1,639,OH
bank_1,1,640,PA
bank_1,1,641,DE
bank_1,1,642,VT
bank_1,1,643,SD
bank_1,1,644,RI
bank_1,1,645,MN
bank_1,1,646,TX
bank_1,1,647,OH
bank_1,1,648,MO
bank_1,1,649,MO
bank_1,1,650,OR
bank_1,1,651,IA
bank_1,1,652,DE
bank_1,1,653,IN
bank_1,1,654,NJ
bank_1,1,655,OK
bank_1,1,656,VA
bank_1,1,657,FL
bank_1,1,658,CA
bank_1,1,659,OR
bank_1,1,660,DC
bank_1,1,661,HI
bank_1,1,662,TX
bank_1,1,663,FL
bank_1,1,664,RI
bank_1,1,665,KS
bank_1,1,666,IL
bank_1,1,667,ME
bank_1,1,668,NE
bank_1,1,669,MT
bank_1,1,670,WV
bank_1,1,671,NC
bank_1,1,672,MT
bank_1,1,673,WA
bank_1,1,674,NH
bank_1,1,675,VA
bank_1,1,676,UT
bank_1,1,677,IN
bank_1,1,678,MA
bank_1,1,679,HI
bank_1,1,680,CT
bank_1,1,681,CA
bank_1,1,682,CO
bank_1,1,683,WV
bank_1,1,684,AL
bank_1,1,685,OK
bank_1,1,686,WV
bank_1,1,687,MT
bank_1,1,688,RI
bank_1,1,689,OR
bank_1,1,690,NH
bank_1,1,691,NE
bank_1,1,692,FL
bank_1,1,693,LA
bank_1,1,694,SD
bank_1,1,695,SC
bank_1,1,696,MO
bank_1,1,697,NM
bank_1,1,698,MD
bank_1,1,699,UT
bank_1,1,700,UT
bank_1,1,701,MD
bank_1,1,702,WV
bank_1,1,703,MO
bank_1,1,704,KY
bank_1,1,705,WI
bank_1,1,706,GA
bank_1,1,707,KY
bank_1,1,708,OH
bank_1,1,709,SD
bank_1,1,710,AR
bank_1,1,711,MA
bank_1,1,712,AR
bank_1,1,713,GA
bank_1,1,714,MA
bank_1,1,715,FL
bank_1,1,716,KS
bank_1,1,717,CA
bank_1,1,718,OK
bank_1,1,719,NV
bank_1,1,720,WI
bank_1,1,721,AK
bank_1,1,722,DC
bank_1,1,723,NY
bank_1,1,724,MO
bank_1,1,725,MO
bank_1,1,726,VA
bank_1,1,727,VT
bank_1,1,728,SD
bank_1,1,729,TN
bank_1,1,730,UT
bank_1,1,731,MT
bank_1,1,732,TX
bank_1,1,733,NM
bank_1,1,734,NM
bank_1,1,735,LA
bank_1,1,736,TX
bank_1,1,737,AK
bank_1,1,738,OK
bank_1,1,739,FL
bank_1,1,740,AK
bank_1,1,741,NH
bank_1,1,742,NE
bank_1,1,743,MN
bank_1,1,744,NE
bank_1,1,745,NC
bank_1,1,746,LA
bank_1,1,747,NM
bank_1,1,748,MD
bank_1,1,749,CA
bank_1,1,750,AZ
bank_1,1,751,AK
bank_1,1,752,VT
bank_1,1,753,RI
bank_1,1,754,RI
bank_1,1,755,AK
bank_1,1,756,IA
bank_1,1,757,OH
bank_1,1,758,CA
bank_1,1,759,DC
bank_1,1,760,AL
bank_1,1,761,GA
bank_1,1,762,WA
bank_1,1,763,FL
bank_1,1,764,CA
bank_1,1,765,OK
bank_1,1,766,OH
bank_1,1,767,PA
bank_1,1,768,UT
bank_1,1,769,WI
bank_1,1,770,NC
bank_1,1,771,AK
bank_1,1,772,NC
bank_1,1,773,IA
bank_1,1,774,NJ
bank_1,1,775,NH
bank_1,1,776,MI
bank_1,1,777,NV
bank_1,1,778,OR
bank_1,1,779,SC
bank_1,1,780,CA
bank_1,1,781,PA
bank_1,1,782,NH
bank_1,1,783,WV
bank_1,1,784,CT
bank_1,1,785,OH
bank_1,1,786,DE
bank_1,1,787,AR
bank_1,1,788,MI
bank_1,1,789,MD
bank_1,1,790,MI
bank_1,1,791,TX
bank_1,1,792,WV
bank_1,1,793,GA
bank_1,1,794,CO
bank_1,1,795,AR
bank_1,1,796,WI
bank_1,1,797,CT
bank_1,1,798,LA
bank_1,1,799,WY
bank_1,1,800,ID
bank_1,1,801,MD
bank_1,1,802,VA
bank_1,1,803,CT
bank_1,1,804,NE
bank_1,1,805,NC
bank_1,1,806,TX
bank_1,1,807,NV
bank_1,1,808,OK
bank_1,1,809,ID
bank_1,1,810,OH
bank_1,1,811,RI
bank_1,1,812,CT
bank_1,1,813,IA
bank_1,1,814,NV
bank_1,1,815,KY
bank_1,1,816,FL
bank_1,1,817,NM
bank_1,1,818,IN
bank_1,1,819,IL
bank_1,1,820,MN
bank_1,1,821,NJ
bank_1,1,822,VA
bank_1,1,823,WA
bank_1,1,824,NV
bank_1,1,825,WV
bank_1,1,826,NH
bank_1,1,827,IA
bank_1,1,828,GA
bank_1,1,829,ID
bank_1,1,830,OH
bank_1,1,831,SC
bank_1,1,832,NV
bank_1,1,833,OK
bank_1,1,834,MN
bank_1,1,835,ND
bank_1,1,836,MN
bank_1,1,837,PA
bank_1,1,838,NV
bank_1,1,839,OK
bank_1,1,840,VA
bank_1,1,841,NJ
bank_1,1,842,KY
bank_1,1,843,WI
bank_1,1,844,NH
bank_1,1,845,WV
bank_1,1,846,LA
bank_1,1,847,DC
bank_1,1,848,CT
bank_1,1,849,CA
bank_1,1,850,NM
bank_1,1,851,IN
bank_1,1,852,MT
bank_1,1,853,IL
bank_1,1,854,IN
bank_1,1,855,NY
bank_1,1,856,KY
bank_1,1,857,KS
bank_1,1,858,AZ
bank_1,1,859,NM
bank_1,1,860,ND
bank_1,1,861,WY
bank_1,1,862,AZ
bank_1,1,863,OK
bank_1,1,864,CT
bank_1,1,865,VA
bank_1,1,866,NY
bank_1,1,867,MD
bank_1,1,868,NJ
bank_1,1,869,CA
bank_1,1,870,NV
bank_1,1,871,IN
bank_1,1,872,ME
bank_1,1,873,AZ
bank_1,1,874,TX
bank_1,1,875,IL
bank_1,1,876,NE
bank_1,1,877,WY
bank_1,1,878,SC
bank_1,1,879,WI
bank_1,1,880,WA
bank_1,1,881,AL
bank_1,1,882,FL
bank_1,1,883,MS
bank_1,1,884,CO
bank_1,1,885,CT
bank_1,1,886,MN
bank_1,1,887,NE
bank_1,1,888,IL
bank_1,1,889,NH
bank_1,1,890,CO
bank_1,1,891,NM
bank_1,1,892,MS
bank_1,1,893,MT
bank_1,1,894,NE
bank_1,1,895,ID
bank_1,1,896,MT
bank_1,1,897,DE
bank_1,1,898,GA
bank_1,1,899,MD
bank_1,1,900,NE
bank_1,1,901,AZ
bank_1,1,902,VA
bank_1,1,903,UT
bank_1,1,904,NC
bank_1,1,905,NM
bank_1,1,906,ND
bank_1,1,907,DE
bank_1,1,908,NM
bank_1,1,909,KS
bank_1,1,910,HI
bank_1,1,911,DC
bank_1,1,912,PA
bank_1,1,913,MD
bank_1,1,914,NH
bank_1,1,915,IN
bank_1,1,916,MA
bank_1,1,917,IL
bank_1,1,918,MD
bank_1,1,919,HI
bank_1,1,920,MN
bank_1,1,921,AK
bank_1,1,922,TN
bank_1,1,923,NM
bank_1,1,924,KS
bank_1,1,925,OR
bank_1,1,926,NC
bank_1,1,927,WY
bank_1,1,928,LA
bank_1,1,929,AZ
bank_1,1,930,UT
bank_1,1,931,MS
bank_1,1,932,CT
bank_1,1,933,NH
bank_1,1,934,WY
bank_1,1,935,WI
bank_1,1,936,KY
bank_1,1,937,CA
bank_1,1,938,CO
bank_1,1,939,CT
bank_1,1,940,ME
bank_1,1,941,RI
bank_1,1,942,LA
bank_1,1,943,ID
bank_1,1,944,MO
bank_1,1,945,IL
bank_1,1,946,FL
bank_1,1,947,NH
bank_1,1,948,NY
bank_1,1,949,KS
bank_1,1,950,PA
bank_1,1,951,IN
bank_1,1,952,VA
bank_1,1,953,VA
bank_1,1,954,NY
bank_1,1,955,AZ
bank_1,1,956,TN
bank_1,1,957,CA
bank_1,1,958,AZ
bank_1,1,959,NV
bank_1,1,960,TN
bank_1,1,961,WV
bank_1,1,962,TN
bank_1,1,963,NJ
bank_1,1,964,HI
bank_1,1,965,MN
bank_1,1,966,WV
bank_1,1,967,RI
bank_1,1,968,NJ
bank_1,1,969,IN
bank_1,1,970,VT
bank_1,1,971,ID
bank_1,1,972,LA
bank_1,1,973,KS
bank_1,1,974,MT
bank_1,1,975,MI
bank_1,1,976,AL
bank_1,1,977,ID
bank_1,1,978,SD
bank_1,1,979,WI
bank_1,1,980,VT
bank_1,1,981,DE
bank_1,1,982,PA
bank_1,1,983,MO
bank_1,1,984,KY
bank_1,1,985,MS
bank_1,1,986,WI
bank_1,1,987,WA
bank_1,1,988,DE
bank_1,1,989,MA
bank_1,1,990,WV
bank_1,1,991,KY
bank_1,1,992,ND
bank_1,1,993,WA
bank_1,1,994,ND
bank_1,1,995,FL
bank_1,1,996,ID
bank_1,1,997,TX
bank_1,1,998,FL
bank_1,1,999,SC
bank_1,1,1000,ND
bank_1,1,1001,GA
bank_1,1,1002,ND
bank_1,1,1003,MI
bank_1,1,1004,NH
bank_1,1,1005,MI
bank_1,1,1006,DE
bank_1,1,1007,TX
bank_1,1,1008,UT
bank_1,1,1009,VT
bank_1,1,1010,LA
bank_1,1,1011,SD
bank_1,1,1012,AK
bank_1,1,1013,UT
bank_1,1,1014,NV
bank_1,1,1015,MS
bank_1,1,1016,MA
bank_1,1,1017,PA
bank_1,1,1018,RI
bank_1,1,1019,CA
bank_1,1,1020,HI
bank_1,1,1021,NV
bank_1,1,1022,DC
bank_1,1,1023,VA
bank_1,1,1024,KS
bank_1,1,1025,MD
bank_1,1,1026,CT
bank_1,1,1027,WV
bank_1,1,1028,DC
bank_1,1,1029,DE
bank_1,1,1030,GA
bank_1,1,1031,LA
bank_1,1,1032,DC
bank_1,1,1033,WY
bank_1,1,1034,SC
bank_1,1,1035,VT
bank_1,1,1036,CO
bank_1,1,1037,AK
bank_1,1,1038,HI
bank_1,1,1039,VA
bank_1,1,1040,LA
bank_1,1,1041,NJ
bank_1,1,1042,IA
bank_1,1,1043,MS
bank_1,1,1044,ND
bank_1,1,1045,WA
bank_1,1,1046,VT
bank_1,1,1047,VA
bank_1,1,1048,OR
bank_1,1,1049,CO
bank_1,1,1050,VT
bank_1,1,1051,MO
bank_1,1,1052,NV
bank_1,1,1053,NH
bank_1,1,1054,IA
bank_1,1,1055,NJ
bank_1,1,1056,SD
bank_1,1,1057,NC
bank_1,1,1058,DE
bank_1,1,1059,IA
bank_1,1,1060,AZ
bank_1,1,1061,MD
bank_1,1,1062,WV
bank_1,1,1063,OH
bank_1,1,1064,MT
bank_1,1,1065,OK
bank_1,1,1066,HI
bank_1,1,1067,OR
bank_1,1,1068,ND
bank_1,1,1069,TX
bank_1,1,1070,NJ
bank_1,1,1071,CO
bank_1,1,1072,HI
bank_1,1,1073,WV
bank_1,1,1074,IA
bank_1,1,1075,NV
bank_1,1,1076,NH
bank_1,1,1077,MI
bank_1,1,1078,VA
bank_1,1,1079,FL
bank_1,1,1080,MI
bank_1,1,1081,VT
bank_1,1,1082,MA
bank_1,1,1083,SD
bank_1,1,1084,GA
bank_1,1,1085,AL
bank_1,1,1086,FL
bank_1,1,1087,MO
bank_1,1,1088,FL
bank_1,1,1089,MD
bank_1,1,1090,OR
bank_1,1,1091,CO
bank_1,1,1092,MT
bank_1,1,1093,AK
bank_1,1,1094,NY
bank_1,1,1095,TN
bank_1,1,1096,CA
bank_1,1,1097,WA
bank_1,1,1098,IN
bank_1,1,1099,KY
bank_1,1,1100,MA
bank_1,1,1101,NM
bank_1,1,1102,LA
bank_1,1,1103,CA
bank_1,1,1104,CO
bank_1,1,1105,IL
bank_1,1,1106,GA
bank_1,1,1107,GA
bank_1,1,1108,WV
bank_1,1,1109,NV
bank_1,1,1110,AR
bank_1,1,1111,ID
bank_1,1,1112,TN
bank_1,1,1113,SD
bank_1,1,1114,RI
bank_1,1,1115,VT
bank_1,1,1116,VT
bank_1,1,1117,OR
bank_1,1,1118,FL
bank_1,1,1119,NJ
bank_1,1,1120,CO
bank_1,1,1121,UT
bank_1,1,1122,ID
bank_1,1,1123,NY
bank_1,1,1124,IN
bank_1,1,1125,WY
bank_1,1,1126,DE
bank_1,1,1127,MT
bank_1,1,1128,FL
bank_1,1,1129,MT
bank_1,1,1130,ID
bank_1,1,1131,NM
bank_1,1,1132,ME
bank_1,1,1133,CA
bank_1,1,1134,AR
bank_1,1,1135,ID
bank_1,1,1136,ID
bank_1,1,1137,PA
bank_1,1,1138,MD
bank_1,1,1139,CA
bank_1,1,1140,DC
bank_1,1,1141,VT
bank_1,1,1142,AZ
bank_1,1,1143,MS
bank_1,1,1144,NE
bank_1,1,1145,AZ
bank_1,1,1146,KY
bank_1,1,1147,WY
bank_1,1,1148,NH
bank_1,1,1149,FL
bank_1,1,1150,DC
bank_1,1,1151,MO
bank_1,1,1152,DC
bank_1,1,1153,DE
bank_1,1,1154,VT
bank_1,1,1155,NE
bank_1,1,1156,CO
bank_1,1,1157,ID
bank_1,1,1158,AZ
bank_1,1,1159,MI
bank_1,1,1160,AR
bank_1,1,1161,MA
bank_1,1,1162,MA
bank_1,1,1163,TX
bank_1,1,1164,MD
bank_1,1,1165,IN
bank_1,1,1166,OK
bank_1,1,1167,UT
bank_1,1,1168,HI
bank_1,1,1169,NC
bank_1,1,1170,MA
bank_1,1,1171,CT
bank_1,1,1172,CT
bank_1,1,1173,WY
bank_1,1,1174,OH
bank_1,1,1175,WV
bank_1,1,1176,OR
bank_1,1,1177,TN
bank_1,1,1178,LA
bank_1,1,1179,MO
bank_1,1,1180,AZ
bank_1,1,1181,SD
bank_1,1,1182,WY
bank_1,1,1183,RI
bank_1,1,1184,AZ
bank_1,1,1185,NM
bank_1,1,1186,AK
bank_1,1,1187,ID
bank_1,1,1188,AK
bank_1,1,1189,MO
bank_1,1,1190,IA
bank_1,1,1191,MS
bank_1,1,1192,NE
bank_1,1,1193,NV
bank_1,1,1194,NH
bank_1,1,1195,MN
bank_1,1,1196,GA
bank_1,1,1197,TN
bank_1,1,1198,CO
bank_1,1,1199,RI
bank_1,1,1200,SD
bank_1,1,1201,NC
bank_1,1,1202,OH
bank_1,1,1203,ND
bank_1,1,1204,KY
bank_1,1,1205,MD
bank_1,1,1206,CA
bank_1,1,1207,HI
bank_1,1,1208,TN
bank_1,1,1209,DE
bank_1,1,1210,SC
bank_1,1,1211,WI
bank_1,1,1212,DE
bank_1,1,1213,OH
bank_1,1,1214,IN
bank_1,1,1215,MD
bank_1,1,1216,HI
bank_1,1,1217,RI
bank_1,1,1218,NH
bank_1,1,1219,NV
bank_1,1,1220,RI
bank_1,1,1221,MO
bank_1,1,1222,CA
bank_1,1,1223,TN
bank_1,1,1224,WI
bank_1,1,1225,TX
bank_1,1,1226,MO
bank_1,1,1227,SC
bank_1,1,1228,TN
bank_1,1,1229,CT
bank_1,1,1230,DC
bank_1,1,1231,OR
bank_1,1,1232,MN
bank_1,1,1233,LA
bank_1,1,1234,TN
bank_1,1,1235,TX
bank_1,1,1236,WY
bank_1,1,1237,NC
bank_1,1,1238,WY
bank_1,1,1239,WI
bank_1,1,1240,RI
bank_1,1,1241,KS
bank_1,1,1242,AL
bank_1,1,1243,SC
bank_1,1,1244,TN
bank_1,1,1245,AL
bank_1,1,1246,WA
bank_1,1,1247,CT
bank_1,1,1248,CA
bank_1,1,1249,AR
bank_1,1,1250,WA
bank_1,1,1251,WA
bank_1,1,1252,TN
bank_1,1,1253,ME
bank_1,1,1254,MN
bank_1,1,1255,TX
bank_1,1,1256,WA
bank_1,1,1257,IA
bank_1,1,1258,HI
bank_1,1,1259,NC
bank_1,1,1260,SC
bank_1,1,1261,NC
bank_1,1,1262,TX
bank_1,1,1263,SD
bank_1,1,1264,NM
bank_1,1,1265,PA
bank_1,1,1266,KY
bank_1,1,1267,AK
bank_1,1,1268,ND
bank_1,1,1269,SD
bank_1,1,1270,ME
bank_1,1,1271,RI
bank_1,1,1272,PA
bank_1,1,1273,PA
bank_1,1,1274,OK
bank_1,1,1275,CA
bank_1,1,1276,VA
bank_1,1,1277,TN
bank_1,1,1278,CT
bank_1,1,1279,MD
bank_1,1,1280,ND
bank_1,1,1281,GA
bank_1,1,1282,MA
bank_1,1,1283,NV
bank_1,1,1284,OR
bank_1,1,1285,MS
bank_1,1,1286,NV
bank_1,1,1287,VT
bank_1,1,1288,CT
bank_1,1,1289,AK
bank_1,1,1290,AZ
bank_1,1,1291,KS
bank_1,1,1292,NV
bank_1,1,1293,OH
bank_1,1,1294,NV
bank_1,1,1295,KS
bank_1,1,1296,MA
bank_1,1,1297,KY
bank_1,1,1298,MA
bank_1,1,1299,AK
bank_1,1,1300,NC
bank_1,1,1301,DC
bank_1,1,1302,CA
bank_1,1,1303,SC
bank_1,1,1304,ID
bank_1,1,1305,RI
bank_1,1,1306,DC
bank_1,1,1307,GA
bank_1,1,1308,IA
bank_1,1,1309,AZ
bank_1,1,1310,SD
bank_1,1,1311,TX
bank_1,1,1312,NY
bank_1,1,1313,NH
bank_1,1,1314,SD
bank_1,1,1315,IA
bank_1,1,1316,PA
bank_1,1,1317,HI
bank_1,1,1318,MD
bank_1,1,1319,ND
bank_1,1,1320,KY
bank_1,1,1321,HI
bank_1,1,1322,VT
bank_1,1,1323,HI
bank_1,1,1324,TN
bank_1,1,1325,TX
bank_1,1,1326,OH
bank_1,1,1327,MT
bank_1,1,1328,IN
bank_1,1,1329,ND
bank_1,1,1330,AK
bank_1,1,1331,AR
bank_1,1,1332,NY
bank_1,1,1333,NC
bank_1,1,1334,CO
bank_1,1,1335,NM
bank_1,1,1336,LA
bank_1,1,1337,CO
bank_1,1,1338,NE
bank_1,1,1339,MA
bank_1,1,1340,MS
bank_1,1,1341,IA
bank_1,1,1342,DC
bank_1,1,1343,DE
bank_1,1,1344,SC
bank_1,1,1345,NY
bank_1,1,1346,NJ
bank_1,1,1347,AR
bank_1,1,1348,TX
bank_1,1,1349,RI
bank_1,1,1350,WY
bank_1,1,1351,MN
bank_1,1,1352,KY
bank_1,1,1353,RI
bank_1,1,1354,RI
bank_1,1,1355,MS
bank_1,1,1356,UT
bank_1,1,1357,VT
bank_1,1,1358,NM
bank_1,1,1359,WI
bank_1,1,1360,IN
bank_1,1,1361,NV
bank_1,1,1362,VA
bank_1,1,1363,IN
bank_1,1,1364,FL
bank_1,1,1365,IA
bank_1,1,1366,CT
bank_1,1,1367,IN
bank_1,1,1368,MN
bank_1,1,1369,IN
bank_1,1,1370,OH
bank_1,1,1371,ID
bank_1,1,1372,MO
bank_1,1,1373,NV
bank_1,1,1374,OR
bank_1,1,1375,VT
bank_1,1,1376,IL
bank_1,1,1377,IL
bank_1,1,1378,RI
bank_1,1,1379,DE
bank_1,1,1380,NJ
bank_1,1,1381,SD
bank_1,1,1382,NY
bank_1,1,1383,NE
bank_1,1,1384,AK
bank_1,1,1385,MT
bank_1,1,1386,KS
bank_1,1,1387,VA
bank_1,1,1388,WI
bank_1,1,1389,VT
bank_1,1,1390,NH
bank_1,1,1391,IN
bank_1,1,1392,VA
bank_1,1,1393,MI
bank_1,1,1394,HI
bank_1,1,1395,SD
bank_1,1,1396,KY
bank_1,1,1397,AR
bank_1,1,1398,WY
bank_1,1,1399,SD
bank_1,1,1400,KS
bank_1,1,1401,WA
bank_1,1,1402,CA
bank_1,1,1403,WY
bank_1,1,1404,IA
bank_1,1,1405,ND
bank_1,1,1406,NY
bank_1,1,1407,FL
bank_1,1,1408,RI
bank_1,1,1409,WV
bank_1,1,1410,NJ
bank_1,1,1411,SC
bank_1,1,1412,NV
bank_1,1,1413,NH
bank_1,1,1414,IN
bank_1,1,1415,FL
bank_1,1,1416,MI
bank_1,1,1417,LA
bank_1,1,1418,NC
bank_1,1,1419,IL
bank_1,1,1420,DE
bank_1,1,1421,RI
bank_1,1,1422,WY
bank_1,1,1423,PA
bank_1,1,1424,SD
bank_1,1,1425,DE
bank_1,1,1426,FL
bank_1,1,1427,SD
bank_1,1,1428,MA
bank_1,1,1429,WV
bank_1,1,1430,CO
bank_1,1,1431,WV
bank_1,1,1432,IL
bank_1,1,1433,OH
bank_1,1,1434,SC
bank_1,1,1435,AL
bank_1,1,1436,NY
bank_1,1,1437,NV
bank_1,1,1438,OH
bank_1,1,1439,CT
bank_1,1,1440,AZ
bank_1,1,1441,AR
bank_1,1,1442,OR
bank_1,1,1443,CA
bank_1,1,1444,OK
bank_1,1,1445,NM
bank_1,1,1446,PA
bank_1,1,1447,AR
bank_1,1,1448,NJ
bank_1,1,1449,NY
bank_1,1,1450,IL
bank_1,1,1451,TN
bank_1,1,1452,VA
bank_1,1,1453,SC
bank_1,1,1454,DE
bank_1,1,1455,VA
bank_1,1,1456,MN
bank_1,1,1457,WY
bank_1,1,1458,NM
bank_1,1,1459,MI
bank_1,1,1460,NV
bank_1,1,1461,MD
bank_1,1,1462,CT
bank_1,1,1463,MD
bank_1,1,1464,NY
bank_1,1,1465,RI
bank_1,1,1466,FL
bank_1,1,1467,SD
bank_1,1,1468,PA
bank_1,1,1469,KS
bank_1,1,1470,ND
bank_1,1,1471,ID
bank_1,1,1472,LA
bank_1,1,1473,MI
bank_1,1,1474,HI
bank_1,1,1475,FL
bank_1,1,1476,MT
bank_1,1,1477,WA
bank_1,1,1478,NM
bank_1,1,1479,OR
bank_1,1,1480,RI
bank_1,1,1481,CO
bank_1,1,1482,CT
bank_1,1,1483,UT
bank_1,1,1484,CA
bank_1,1,1485,AR
bank_1,1,1486,SC
bank_1,1,1487,SC
bank_1,1,1488,CT
bank_1,1,1489,FL
bank_1,1,1490,MT
bank_1,1,1491,NC
bank_1,1,1492,PA
bank_1,1,1493,MS
bank_1,1,1494,AK
bank_1,1,1495,MI
bank_1,1,1496,AL
bank_1,1,1497,NE
bank_1,1,1498,WV
bank_1,1,1499,AL
bank_1,1,1500,MA
bank_1,1,1501,TN
bank_1,1,1502,KS
bank_1,1,1503,VT
bank_1,1,1504,MA
bank_1,1,1505,NE
bank_1,1,1506,MN
bank_1,1,1507,KS
bank_1,1,1508,ND
bank_1,1,1509,PA
bank_1,1,1510,PA
bank_1,1,1511,MD
bank_1,1,1512,TX
bank_1,1,1513,VA
bank_1,1,1514,ND
bank_1,1,1515,NH
bank_1,1,1516,WV
bank_1,1,1517,MN
bank_1,1,1518,FL
bank_1,1,1519,MI
bank_1,1,1520,WV
bank_1,1,1521,WA
bank_1,1,1522,ND
bank_1,1,1523,KY
bank_1,1,1524,ME
bank_1,1,1525,TN
bank_1,1,1526,LA
bank_1,1,1527,WA
bank_1,1,1528,OK
bank_1,1,1529,NH
bank_1,1,1530,WA
bank_1,1,1531,TX
bank_1,1,1532,OH
bank_1,1,1533,CO
bank_1,1,1534,SD
bank_1,1,1535,NY
bank_1,1,1536,MA
bank_1,1,1537,CA
bank_1,1,1538,NJ
bank_1,1,1539,NY
bank_1,1,1540,MS
bank_1,1,1541,IA
bank_1,1,1542,VT
bank_1,1,1543,ND
bank_1,1,1544,AK
bank_1,1,1545,ME
bank_1,1,1546,IA
bank_1,1,1547,KY
bank_1,1,1548,WI
bank_1,1,1549,GA
bank_1,1,1550,NE
bank_1,1,1551,TX
bank_1,1,1552,WY
bank_1,1,1553,CT
bank_1,1,1554,CO
bank_1,1,1555,PA
bank_1,1,1556,CA
bank_1,1,1557,AK
bank_1,1,1558,MS
bank_1,1,1559,NH
bank_1,1,1560,MN
bank_1,1,1561,OR
bank_1,1,1562,CT
bank_1,1,1563,RI
bank_1,1,1564,NH
bank_1,1,1565,CA
bank_1,1,1566,CT
bank_1,1,1567,AR
bank_1,1,1568,PA
bank_1,1,1569,HI
bank_1,1,1570,OH
bank_1,1,1571,NE
bank_1,1,1572,FL
bank_1,1,1573,TX
bank_1,1,1574,GA
bank_1,1,1575,PA
bank_1,1,1576,KY
bank_1,1,1577,NV
bank_1,1,1578,CO
bank_1,1,1579,KY
bank_1,1,1580,RI
bank_1,1,1581,WA
bank_1,1,1582,WV
bank_1,1,1583,GA
bank_1,1,1584,ID
bank_1,1,1585,WV
bank_1,1,1586,WI
bank_1,1,1587,NC
bank_1,1,1588,KS
bank_1,1,1589,IN
bank_1,1,1590,SC
bank_1,1,1591,MO
bank_1,1,1592,AL
bank_1,1,1593,IN
bank_1,1,1594,ND
bank_1,1,1595,NJ
bank_1,1,1596,KS
bank_1,1,1597,OR
bank_1,1,1598,LA
bank_1,1,1599,VT
bank_1,1,1600,KY
bank_1,1,1601,WI
bank_1,1,1602,WI
bank_1,1,1603,CO
bank_1,1,1604,AR
bank_1,1,1605,KS
bank_1,1,1606,NY
bank_1,1,1607,AZ
bank_1,1,1608,OH
bank_1,1,1609,SC
bank_1,1,1610,CT
bank_1,1,1611,WV
bank_1,1,1612,MI
bank_1,1,1613,KY
bank_1,1,1614,PA
bank_1,1,1615,MS
bank_1,1,1616,WI
bank_1,1,1617,CA
bank_1,1,1618,LA
bank_1,1,1619,OR
bank_1,1,1620,AL
bank_1,1,1621,TN
bank_1,1,1622,PA
bank_1,1,1623,MO
bank_1,1,1624,WI
bank_1,1,1625,WI
bank_1,1,1626,OH
bank_1,1,1627,WY
bank_1,1,1628,UT
bank_1,1,1629,NM
bank_1,1,1630,GA
bank_1,1,1631,AL
bank_1,1,1632,MO
bank_1,1,1633,WA
bank_1,1,1634,CO
bank_1,1,1635,PA
bank_1,1,1636,WV
bank_1,1,1637,SD
bank_1,1,1638,CT
bank_1,1,1639,SC
bank_1,1,1640,OH
bank_1,1,1641,KS
bank_1,1,1642,DC
bank_1,1,1643,OR
bank_1,1,1644,NE
bank_1,1,1645,IN
bank_1,1,1646,FL
bank_1,1,1647,MT
bank_1,1,1648,MI
bank_1,1,1649,FL
bank_1,1,1650,DE
bank_1,1,1651,DC
bank_1,1,1652,RI
bank_1,1,1653,WA
bank_1,1,1654,CT
bank_1,1,1655,SD
bank_1,1,1656,ID
bank_1,1,1657,ME
bank_1,1,1658,MS
bank_1,1,1659,ME
bank_1,1,1660,MI
bank_1,1,1661,MI
bank_1,1,1662,NM
bank_1,1,1663,PA
bank_1,1,1664,MA
bank_1,1,1665,IN
bank_1,1,1666,VA
bank_1,1,1667,CT
bank_1,1,1668,NH
bank_1,1,1669,WV
bank_1,1,1670,NM
bank_1,1,1671,PA
bank_1,1,1672,DE
bank_1,1,1673,NE
bank_1,1,1674,RI
bank_1,1,1675,AZ
bank_1,1,1676,DC
bank_1,1,1677,AK
bank_1,1,1678,CO
bank_1,1,1679,OR
bank_1,1,1680,TN
bank_1,1,1681,NE
bank_1,1,1682,MS
bank_1,1,1683,ID
bank_1,1,1684,VT
bank_1,1,1685,NY
bank_1,1,1686,WV
bank_1,1,1687,MD
bank_1,1,1688,MO
bank_1,1,1689,AR
bank_1,1,1690,SD
bank_1,1,1691,MS
bank_1,1,1692,NC
bank_1,1,1693,NE
bank_1,1,1694,DC
bank_1,1,1695,KY
bank_1,1,1696,NH
bank_1,1,1697,OK
bank_1,1,1698,NC
bank_1,1,1699,NH
bank_1,1,1700,WA
bank_1,1,1701,VA
bank_1,1,1702,SD
bank_1,1,1703,NV
bank_1,1,1704,UT
bank_1,1,1705,DE
bank_1,1,1706,NE
bank_1,1,1707,IN
bank_1,1,1708,IA
bank_1,1,1709,NM
bank_1,1,1710,MO
bank_1,1,1711,SD
bank_1,1,1712,WA
bank_1,1,1713,LA
bank_1,1,1714,OR
bank_1,1,1715,WV
bank_1,1,1716,MA
bank_1,1,1717,FL
bank_1,1,1718,OH
bank_1,1,1719,MI
bank_1,1,1720,NY
bank_1,1,1721,MS
bank_1,1,1722,AL
bank_1,1,1723,MT
bank_1,1,1724,SC
bank_1,1,1725,GA
bank_1,1,1726,NE
bank_1,1,1727,SC
bank_1,1,1728,SC
bank_1,1,1729,NY
bank_1,1,1730,ID
bank_1,1,1731,WV
bank_1,1,1732,ID
bank_1,1,1733,KS
bank_1,1,1734,FL
bank_1,1,1735,WY
bank_1,1,1736,NJ
bank_1,1,1737,NV
bank_1,1,1738,NM
bank_1,1,1739,NM
bank_1,1,1740,HI
bank_1,1,1741,WV
bank_1,1,1742,IA
bank_1,1,1743,IL
bank_1,1,1744,NE
bank_1,1,1745,SC
bank_1,1,1746,AR
bank_1,1,1747,NY
bank_1,1,1748,ME
bank_1,1,1749,IA
bank_1,1,1750,CA
bank_1,1,1751,VA
bank_1,1,1752,AK
bank_1,1,1753,WA
bank_1,1,1754,MA
bank_1,1,1755,ID
bank_1,1,1756,CA
bank_1,1,1757,OH
bank_1,1,1758,AZ
bank_1,1,1759,IN
bank_1,1,1760,NV
bank_1,1,1761,MS
bank_1,1,1762,MI
bank_1,1,1763,AL
bank_1,1,1764,NE
bank_1,1,1765,MI
bank_1,1,1766,IA
bank_1,1,1767,NE
bank_1,1,1768,IA
bank_1,1,1769,AZ
bank_1,1,1770,OR
bank_1,1,1771,MN
bank_1,1,1772,MD
bank_1,1,1773,DC
bank_1,1,1774,AK
bank_1,1,1775,CT
bank_1,1,1776,MO
bank_1,1,1777,OR
bank_1,1,1778,NH
bank_1,1,1779,DE
bank_1,1,1780,MD
bank_1,1,1781,NM
bank_1,1,1782,OR
bank_1,1,1783,OH
bank_1,1,1784,MD
bank_1,1,1785,ND
bank_1,1,1786,WA
bank_1,1,1787,AL
bank_1,1,1788,NM
bank_1,1,1789,CO
bank_1,1,1790,DC
bank_1,1,1791,MS
bank_1,1,1792,WV
bank_1,1,1793,IN
bank_1,1,1794,CA
bank_1,1,1795,NC
bank_1,1,1796,FL
bank_1,1,1797,VA
bank_1,1,1798,AL
bank_1,1,1799,NC
bank_1,1,1800,MT
bank_1,1,1801,TN
bank_1,1,1802,LA
bank_1,1,1803,WY
bank_1,1,1804,KS
bank_1,1,1805,IN
bank_1,1,1806,WI
bank_1,1,1807,AL
bank_1,1,1808,SD
bank_1,1,1809,SD
bank_1,1,1810,SD
bank_1,1,1811,NE
bank_1,1,1812,AZ
bank_1,1,1813,HI
bank_1,1,1814,NJ
bank_1,1,1815,MD
bank_1,1,1816,OK
bank_1,1,1817,VA
bank_1,1,1818,OH
bank_1,1,1819,PA
bank_1,1,1820,MT
bank_1,1,1821,CT
bank_1,1,1822,ME
bank_1,1,1823,WA
bank_1,1,1824,SD
bank_1,1,1825,TX
bank_1,1,1826,ME
bank_1,1,1827,WY
bank_1,1,1828,CT
bank_1,1,1829,CT
bank_1,1,1830,KY
bank_1,1,1831,PA
bank_1,1,1832,KS
bank_1,1,1833,WV
bank_1,1,1834,UT
bank_1,1,1835,IA
bank_1,1,1836,KS
bank_1,1,1837,OH
bank_1,1,1838,PA
bank_1,1,1839,MN
bank_1,1,1840,AK
bank_1,1,1841,DE
bank_1,1,1842,SC
bank_1,1,1843,ME
bank_1,1,1844,IA
bank_1,1,1845,MD
bank_1,1,1846,LA
bank_1,1,1847,CA
bank_1,1,1848,PA
bank_1,1,1849,AR
bank_1,1,1850,NC
bank_1,1,1851,SD
bank_1,1,1852,ID
bank_1,1,1853,GA
bank_1,1,1854,NJ
bank_1,1,1855,SC
bank_1,1,1856,FL
bank_1,1,1857,OH
bank_1,1,1858,MI
bank_1,1,1859,HI
bank_1,1,1860,MS
bank_1,1,1861,MS
bank_1,1,1862,WA
bank_1,1,1863,ID
bank_1,1,1864,CO
bank_1,1,1865,AR
bank_1,1,1866,AZ
bank_1,1,1867,OK
bank_1,1,1868,CT
bank_1,1,1869,FL
bank_1,1,1870,HI
bank_1,1,1871,NV
bank_1,1,1872,MO
bank_1,1,1873,NM
bank_1,1,1874,WA
bank_1,1,1875,TX
bank_1,1,1876,CT
bank_1,1,1877,WY
bank_1,1,1878,IN
bank_1,1,1879,NV
bank_1,1,1880,MI
bank_1,1,1881,IN
bank_1,1,1882,WI
bank_1,1,1883,WI
bank_1,1,1884,NY
bank_1,1,1885,OH
bank_1,1,1886,NY
bank_1,1,1887,MO
bank_1,1,1888,ND
bank_1,1,1889,VA
bank_1,1,1890,OR
bank_1,1,1891,WI
bank_1,1,1892,MI
bank_1,1,1893,AL
bank_1,1,1894,LA
bank_1,1,1895,MD
bank_1,1,1896,DE
bank_1,1,1897,IN
bank_1,1,1898,MN
bank_1,1,1899,ME
bank_1,1,1900,WI
bank_1,1,1901,KS
bank_1,1,1902,WV
bank_1,1,1903,RI
bank_1,1,1904,DC
bank_1,1,1905,OK
bank_1,1,1906,MT
bank_1,1,1907,IL
bank_1,1,1908,MA
bank_1,1,1909,IN
bank_1,1,1910,MA
bank_1,1,1911,OR
bank_1,1,1912,DC
bank_1,1,1913,SD
bank_1,1,1914,SD
bank_1,1,1915,AL
bank_1,1,1916,MO
bank_1,1,1917,ND
bank_1,1,1918,DC
bank_1,1,1919,IN
bank_1,1,1920,DE
bank_1,1,1921,NC
bank_1,1,1922,LA
bank_1,1,1923,DC
bank_1,1,1924,NH
bank_1,1,1925,IA
bank_1,1,1926,SD
bank_1,1,1927,SC
bank_1,1,1928,MS
bank_1,1,1929,AZ
bank_1,1,1930,HI
bank_1,1,1931,MA
bank_1,1,1932,AK
bank_1,1,1933,ID
bank_1,1,1934,AL
bank_1,1,1935,LA
bank_1,1,1936,KY
bank_1,1,1937,KS
bank_1,1,1938,KY
bank_1,1,1939,NV
bank_1,1,1940,SC
bank_1,1,1941,TN
bank_1,1,1942,LA
bank_1,1,1943,NJ
bank_1,1,1944,ME
bank_1,1,1945,WY
bank_1,1,1946,PA
bank_1,1,1947,MO
bank_1,1,1948,HI
bank_1,1,1949,AK
bank_1,1,1950,LA
bank_1,1,1951,AK
bank_1,1,1952,AZ
bank_1,1,1953,IA
bank_1,1,1954,OH
bank_1,1,1955,NC
bank_1,1,1956,IA
bank_1,1,1957,ME
bank_1,1,1958,RI
bank_1,1,1959,MD
bank_1,1,1960,AZ
bank_1,1,1961,GA
bank_1,1,1962,IL
bank_1,1,1963,IA
bank_1,1,1964,KS
bank_1,1,1965,MO
bank_1,1,1966,OK
bank_1,1,1967,LA
bank_1,1,1968,MN
bank_1,1,1969,TX
bank_1,1,1970,NC
bank_1,1,1971,UT
bank_1,1,1972,SD
bank_1,1,1973,PA
bank_1,1,1974,MD
bank_1,1,1975,GA
bank_1,1,1976,WV
bank_1,1,1977,CA
bank_1,1,1978,NJ
bank_1,1,1979,TN
bank_1,1,1980,ME
bank_1,1,1981,DE
bank_1,1,1982,NV
bank_1,1,1983,MT
bank_1,1,1984,KY
bank_1,1,1985,MS
bank_1,1,1986,CT
bank_1,1,1987,CO
bank_1,1,1988,NJ
bank_1,1,1989,RI
bank_1,1,1990,OR
bank_1,1,1991,HI
bank_1,1,1992,NE
bank_1,1,1993,CO
bank_1,1,1994,MN
bank_1,1,1995,OH
bank_1,1,1996,RI
bank_1,1,1997,NV
bank_1,1,1998,SC
bank_1,1,1999,AZ
